broccoli 0.5395233631134033 0.18827703595161438 0.23217162489891052 0.37310680747032166
orange 0.6207363605499268 0.8655071258544922 0.12089710682630539 0.2580844759941101
broccoli 0.33196765184402466 0.09067664295434952 0.2152320146560669 0.18025174736976624
orange 0.7024582028388977 0.6911940574645996 0.12963178753852844 0.24958033859729767
orange 0.18458053469657898 0.7134085297584534 0.1252543032169342 0.3102922737598419
orange 0.25205010175704956 0.5203520059585571 0.08159034699201584 0.18451271951198578
orange 0.4424998462200165 0.5196408629417419 0.07806052267551422 0.17950302362442017
carrot 0.6231902837753296 0.4843180179595947 0.12471792101860046 0.17158687114715576
orange 0.3674548268318176 0.5953860282897949 0.08200997859239578 0.18549033999443054
orange 0.41522565484046936 0.393172025680542 0.07872474938631058 0.16327010095119476
broccoli 0.41573601961135864 0.8727501034736633 0.09815683215856552 0.24317295849323273
orange 0.32864129543304443 0.4581122398376465 0.08140362799167633 0.17024634778499603
carrot 0.6223763227462769 0.5119858384132385 0.11701448261737823 0.11862707883119583
orange 0.2885214388370514 0.6701837778091431 0.08474273234605789 0.18467450141906738
carrot 0.6208025217056274 0.520536482334137 0.12966230511665344 0.24726751446723938
