refrigerator 0.5010089874267578 0.5001327395439148 0.9979820251464844 0.9873170256614685
bottle 0.8647392392158508 0.1748003512620926 0.06512676924467087 0.29449620842933655
bottle 0.2699539065361023 0.1796552836894989 0.05686310678720474 0.28154006600379944
bottle 0.4511789083480835 0.5006760358810425 0.059260401874780655 0.30472633242607117
bottle 0.08272530138492584 0.7995036840438843 0.09544431418180466 0.3550722301006317
cat 0.9213220477104187 0.8998420238494873 0.0833514854311943 0.16215918958187103
bottle 0.20392291247844696 0.9048896431922913 0.04012161120772362 0.14536994695663452
bottle 0.3164672553539276 0.8852643966674805 0.061307381838560104 0.189054474234581
bottle 0.24125975370407104 0.9061110615730286 0.04166298359632492 0.1472173035144806
bottle 0.361392080783844 0.5753008127212524 0.05060335248708725 0.148498997092247
